  single point
        pwqsop     1.500000000000000         1.000000         0.000000    
        fwqsop     3.000000000000000         1.000000         0.000000    
        rwqsop     1.875000000000000         1.000000         0.000000    
        fstdec     1.150000000000000         1.000000         0.000000    
      stckdncc     10.00000000000000         1.000000         0.000000    
         baccc     2565000000.000000         1.000000         0.000000    
    stracfcc01    8.4544000000000016E-03     1.000000         0.000000    
    stracfcc02    4.3426000000000000E-03     1.000000         0.000000    
    stracfcc04    7.2642000000000000E-04     1.000000         0.000000    
    stracfcc05    1.6517286000000000E-02     1.000000         0.000000    
    stracfcc06    7.9494258000000000E-02     1.000000         0.000000    
    stracfcc07    3.2649010000000000E-02     1.000000         0.000000    
    stracfcc08    2.1906780000000000E-02     1.000000         0.000000    
    stracfcc09     1.609412900000000         1.000000         0.000000    
    stracfcc10    0.6366880800000000         1.000000         0.000000    
    stracfcc11    0.2198657400000000         1.000000         0.000000    
    stracfcc12     1.012111000000000         1.000000         0.000000    
    stracfcc13    0.1890233000000000         1.000000         0.000000    
    stracfcc14    0.1478134000000000         1.000000         0.000000    
    stracfcc16    0.5158358400000000         1.000000         0.000000    
    stracfcc17    0.2183297500000000         1.000000         0.000000    
    stracfcc18     10.01300000000000         1.000000         0.000000    
    stracpcc01     48.00000000000000         1.000000         0.000000    
    stracpcc02     19.23349200000000         1.000000         0.000000    
    stracpcc04     32.07490900000000         1.000000         0.000000    
    stracpcc05     61.00000000000000         1.000000         0.000000    
    stracpcc06     31.00000000000000         1.000000         0.000000    
    stracpcc07     71.00000000000000         1.000000         0.000000    
    stracpcc08     32.00000000000000         1.000000         0.000000    
    stracpcc09     7.000000000000000         1.000000         0.000000    
    stracpcc10     12.42548400000000         1.000000         0.000000    
    stracpcc11     7.717491100000000         1.000000         0.000000    
    stracpcc12     52.71591500000000         1.000000         0.000000    
    stracpcc13     25.00000000000000         1.000000         0.000000    
    stracpcc14     5.000000000000000         1.000000         0.000000    
    stracpcc16     32.00000000000000         1.000000         0.000000    
    stracpcc17     49.00000000000000         1.000000         0.000000    
    stracpcc18     15.01685000000000         1.000000         0.000000    
      instrpcc     12.50000000000000         1.000000         0.000000    
      instrfcc     37.23588400000000         1.000000         0.000000    
       bachosp     760000000000.0000         1.000000         0.000000    
       bacposp     4750000000.000000         1.000000         0.000000    
     frpr74osp     22.50000000000000         1.000000         0.000000    
     fr7486osp     15.00000000000000         1.000000         0.000000    
     frpt86osp     3.750000000000000         1.000000         0.000000    
     dtstosp01     100.0000000000000         1.000000         0.000000    
     dtstosp02     2.306239800000000         1.000000         0.000000    
     dtstosp04     100.0000000000000         1.000000         0.000000    
     dtstosp05    1.0028092000000000E-04     1.000000         0.000000    
     dtstosp06    1.0000000000000000E-04     1.000000         0.000000    
     dtstosp07    1.0000000000000000E-04     1.000000         0.000000    
     dtstosp08    2.4306041000000000E-04     1.000000         0.000000    
     dtstosp09    0.1326612600000000         1.000000         0.000000    
     dtstosp10     50.00000000000000         1.000000         0.000000    
     dtstosp11     50.00000000000000         1.000000         0.000000    
     dtstosp12    2.3991046000000000E-04     1.000000         0.000000    
     dtstosp13     3.914247500000000         1.000000         0.000000    
     dtstosp14    5.0879000000000000E-02     1.000000         0.000000    
     dtstosp16    4.1145000000000000E-02     1.000000         0.000000    
     dtstosp17    1.0000159000000000E-04     1.000000         0.000000    
     dtstosp18     100.0000000000000         1.000000         0.000000    
        adbeav    7.5000000000000000E-03     1.000000         0.000000    
     instrbeav     31.24563400000000         1.000000         0.000000    
       bacbeav     196650.0000000000         1.000000         0.000000    
        adcoyt    3.6063000000000000E-06     1.000000         0.000000    
     instrcoyt     1.000000000000000         1.000000         0.000000    
       baccoyt     900001150.0000000         1.000000         0.000000    
     stracdeer     50.00000000000000         1.000000         0.000000    
        addeer    4.7000000000000000E-04     1.000000         0.000000    
     instrdeer     1.000000000000000         1.000000         0.000000    
       bacdeer     183732860.0000000         1.000000         0.000000    
      ads1duck    2.5000000000000000E-02     1.000000         0.000000    
      ads2duck    2.5000000000000000E-04     1.000000         0.000000    
     instrduck     99.99990000000000         1.000000         0.000000    
       bacduck     800000030.0000000         1.000000         0.000000    
       ads1elk    3.0072900000000000E-03     1.000000         0.000000    
       ads2elk    4.5000000000000000E-02     1.000000         0.000000    
       pps1elk     9.950000000000000         1.000000         0.000000    
       pfs1elk     1.920885000000000         1.000000         0.000000    
       pps2elk     9.950000000000000         1.000000         0.000000    
       pfs2elk     9.950000000000000         1.000000         0.000000    
        bacelk     665000000.0000000         1.000000         0.000000    
      ads1gese    1.3888900000000000E-02     1.000000         0.000000    
      ads2gese    1.8518500000000000E-06     1.000000         0.000000    
     instrgese     93.75000000000000         1.000000         0.000000    
       bacgese     800000030.0000000         1.000000         0.000000    
        adgull    4.5455000000000000E-05     1.000000         0.000000    
     instrgull     47.50000000000000         1.000000         0.000000    
       bacgull     2390000700.000000         1.000000         0.000000    
        adheeg    1.3794000000000000E-05     1.000000         0.000000    
     instrheeg     99.00000000000000         1.000000         0.000000    
       bacheeg     4302000000.000000         1.000000         0.000000    
       adotter    0.3000000000000000         1.000000         0.000000    
    instrotter     31.21306900000000         1.000000         0.000000    
      bacotter     19665000.00000000         1.000000         0.000000    
        adracn    4.6839755000000000E-03     1.000000         0.000000    
     instrracn     5.552655500000000         1.000000         0.000000    
       bacracn     47500000.00000000         1.000000         0.000000    
